DetectorGeometryVersion 2
zBField 1.0
MIP 32.0
NumberSensors 10
Sensor 0 X 4096 0.000050 0.000012 0.0000125 0.000047 0 0.980 0.0 0.2  0.0 0.0 1.0 0.0 1.0 0.0 0.0 0.2048
Sensor 1 X 4096 0.000100 0.000025 0.000026 0.000095 0 0.980 0.0 0.4  0.0 0.0 1.0 0.0 1.0 0.0 0.0 0.4096
Sensor 2 X 4096 0.000200 0.000050 0.000052 0.000190 0 0.980 0.0 0.6  0.0 0.0 1.0 0.0 1.0 0.0 0.0 0.8192
Sensor 3 X 4096 0.000200 0.000050 0.000052 0.000190 0 0.980 0.0 0.8  0.0 0.0 1.0 0.0 1.0 0.0 0.0 0.8192
Sensor 4 X 4096 0.000200 0.000050 0.000052 0.000190 0 0.980 0.0 1.0  0.0 0.0 1.0 0.0 1.0 0.0 0.0 0.8192
Sensor 5 Z 4096 0.000050 0.000012 0.0000125 0.000047 0 0.980 0.0 0.2002 0.0 0.0 1.0 0.0 0.0 0.0 1.0 0.1024
Sensor 6 Z 4096 0.000100 0.000025 0.000026 0.000095 0 0.980 0.0 0.4002 0.0 0.0 1.0 0.0 0.0 0.0 1.0 0.4096
Sensor 7 Z 4096 0.000200 0.000050 0.000052 0.000190 0 0.980 0.0 0.6002 0.0 0.0 1.0 0.0 0.0 0.0 1.0 0.8192
Sensor 8 SAS 4096 0.000200 0.000050 0.000052 0.000190 0 0.980 0.0 0.8002 0.0 0.0 1.0 0.0 0.984807753012 0.0 -0.173648177667 0.8192
Sensor 9 SAS 4096 0.000200 0.000050 0.000052 0.000190 0 0.980 0.0 1.0002 0.0 0.0 1.0 0.0 0.984807753012 0.0 0.173648177667 0.8192
PVX 0.01 0.0 0.0 0.0 0.0 1.0 0.0 1.0 0.0 0.0
PVZ 0.01 0.0 0.0 0.0 0.0 1.0 0.0 0.0 0.0 1.0
